1 4 8 5 2 6 7 3 9
5 2 6 7 3 9 1 4 8
7 3 9 1 4 8 5 2 6
4 8 5 2 6 7 3 9 1
2 6 7 3 9 1 4 8 5
3 9 1 4 8 5 2 6 7
8 5 2 6 7 3 9 1 4
6 7 3 9 1 4 8 5 2
9 1 4 8 5 2 6 7 3

1 4 8 5 2 6 7 3 9
5 2 6 7 3 9 1 4 8
7 3 9 1 4 8 5 2 6
4 8 5 2 6 7 3 9 1
2 6 7 3 9 1 4 8 5
3 9 1 4 8 5 2 6 7
8 5 2 6 7 3 9 1 4
9 1 4 8 5 2 6 7 3
6 7 3 9 1 4 8 5 2

1 4 8 5 2 6 7 3 9
5 2 6 7 3 9 1 4 8
7 3 9 1 4 8 5 2 6
4 8 5 2 6 7 3 9 1
2 6 7 3 9 1 4 8 5
3 9 1 4 8 5 2 6 7
6 7 3 9 1 4 8 5 2
8 5 2 6 7 3 9 1 4
9 1 4 8 5 2 6 7 3

1 4 8 5 2 6 7 3 9
5 2 6 7 3 9 1 4 8
7 3 9 1 4 8 5 2 6
4 8 5 2 6 7 3 9 1
2 6 7 3 9 1 4 8 5
3 9 1 4 8 5 2 6 7
6 7 3 9 1 4 8 5 2
9 1 4 8 5 2 6 7 3
8 5 2 6 7 3 9 1 4

1 4 8 5 2 6 7 3 9
5 2 6 7 3 9 1 4 8
7 3 9 1 4 8 5 2 6
4 8 5 2 6 7 3 9 1
2 6 7 3 9 1 4 8 5
3 9 1 4 8 5 2 6 7
9 1 4 8 5 2 6 7 3
8 5 2 6 7 3 9 1 4
6 7 3 9 1 4 8 5 2

1 4 8 5 2 6 7 3 9
5 2 6 7 3 9 1 4 8
7 3 9 1 4 8 5 2 6
4 8 5 2 6 7 3 9 1
2 6 7 3 9 1 4 8 5
3 9 1 4 8 5 2 6 7
9 1 4 8 5 2 6 7 3
6 7 3 9 1 4 8 5 2
8 5 2 6 7 3 9 1 4

1 4 8 5 2 6 7 3 9
5 2 6 7 3 9 1 4 8
7 3 9 1 4 8 5 2 6
4 8 5 2 6 7 3 9 1
3 9 1 4 8 5 2 6 7
2 6 7 3 9 1 4 8 5
8 5 2 6 7 3 9 1 4
6 7 3 9 1 4 8 5 2
9 1 4 8 5 2 6 7 3

1 4 8 5 2 6 7 3 9
5 2 6 7 3 9 1 4 8
7 3 9 1 4 8 5 2 6
4 8 5 2 6 7 3 9 1
3 9 1 4 8 5 2 6 7
2 6 7 3 9 1 4 8 5
8 5 2 6 7 3 9 1 4
9 1 4 8 5 2 6 7 3
6 7 3 9 1 4 8 5 2

1 4 8 5 2 6 7 3 9
5 2 6 7 3 9 1 4 8
7 3 9 1 4 8 5 2 6
4 8 5 2 6 7 3 9 1
3 9 1 4 8 5 2 6 7
2 6 7 3 9 1 4 8 5
6 7 3 9 1 4 8 5 2
8 5 2 6 7 3 9 1 4
9 1 4 8 5 2 6 7 3

1 4 8 5 2 6 7 3 9
5 2 6 7 3 9 1 4 8
7 3 9 1 4 8 5 2 6
4 8 5 2 6 7 3 9 1
3 9 1 4 8 5 2 6 7
2 6 7 3 9 1 4 8 5
6 7 3 9 1 4 8 5 2
9 1 4 8 5 2 6 7 3
8 5 2 6 7 3 9 1 4

1 4 8 5 2 6 7 3 9
5 2 6 7 3 9 1 4 8
7 3 9 1 4 8 5 2 6
4 8 5 2 6 7 3 9 1
3 9 1 4 8 5 2 6 7
2 6 7 3 9 1 4 8 5
9 1 4 8 5 2 6 7 3
8 5 2 6 7 3 9 1 4
6 7 3 9 1 4 8 5 2

1 4 8 5 2 6 7 3 9
5 2 6 7 3 9 1 4 8
7 3 9 1 4 8 5 2 6
4 8 5 2 6 7 3 9 1
3 9 1 4 8 5 2 6 7
2 6 7 3 9 1 4 8 5
9 1 4 8 5 2 6 7 3
6 7 3 9 1 4 8 5 2
8 5 2 6 7 3 9 1 4

1 4 8 5 2 6 7 3 9
5 2 6 7 3 9 1 4 8
7 3 9 1 4 8 5 2 6
2 6 7 3 9 1 4 8 5
4 8 5 2 6 7 3 9 1
3 9 1 4 8 5 2 6 7
8 5 2 6 7 3 9 1 4
6 7 3 9 1 4 8 5 2
9 1 4 8 5 2 6 7 3

1 4 8 5 2 6 7 3 9
5 2 6 7 3 9 1 4 8
7 3 9 1 4 8 5 2 6
2 6 7 3 9 1 4 8 5
4 8 5 2 6 7 3 9 1
3 9 1 4 8 5 2 6 7
8 5 2 6 7 3 9 1 4
9 1 4 8 5 2 6 7 3
6 7 3 9 1 4 8 5 2

1 4 8 5 2 6 7 3 9
5 2 6 7 3 9 1 4 8
7 3 9 1 4 8 5 2 6
2 6 7 3 9 1 4 8 5
4 8 5 2 6 7 3 9 1
3 9 1 4 8 5 2 6 7
6 7 3 9 1 4 8 5 2
8 5 2 6 7 3 9 1 4
9 1 4 8 5 2 6 7 3

1 4 8 5 2 6 7 3 9
5 2 6 7 3 9 1 4 8
7 3 9 1 4 8 5 2 6
2 6 7 3 9 1 4 8 5
4 8 5 2 6 7 3 9 1
3 9 1 4 8 5 2 6 7
6 7 3 9 1 4 8 5 2
9 1 4 8 5 2 6 7 3
8 5 2 6 7 3 9 1 4

1 4 8 5 2 6 7 3 9
5 2 6 7 3 9 1 4 8
7 3 9 1 4 8 5 2 6
2 6 7 3 9 1 4 8 5
4 8 5 2 6 7 3 9 1
3 9 1 4 8 5 2 6 7
9 1 4 8 5 2 6 7 3
8 5 2 6 7 3 9 1 4
6 7 3 9 1 4 8 5 2

1 4 8 5 2 6 7 3 9
5 2 6 7 3 9 1 4 8
7 3 9 1 4 8 5 2 6
2 6 7 3 9 1 4 8 5
4 8 5 2 6 7 3 9 1
3 9 1 4 8 5 2 6 7
9 1 4 8 5 2 6 7 3
6 7 3 9 1 4 8 5 2
8 5 2 6 7 3 9 1 4

1 4 8 5 2 6 7 3 9
5 2 6 7 3 9 1 4 8
7 3 9 1 4 8 5 2 6
2 6 7 3 9 1 4 8 5
3 9 1 4 8 5 2 6 7
4 8 5 2 6 7 3 9 1
8 5 2 6 7 3 9 1 4
6 7 3 9 1 4 8 5 2
9 1 4 8 5 2 6 7 3

1 4 8 5 2 6 7 3 9
5 2 6 7 3 9 1 4 8
7 3 9 1 4 8 5 2 6
2 6 7 3 9 1 4 8 5
3 9 1 4 8 5 2 6 7
4 8 5 2 6 7 3 9 1
8 5 2 6 7 3 9 1 4
9 1 4 8 5 2 6 7 3
6 7 3 9 1 4 8 5 2

