1 4 8 5 9 6 7 3 2
5 9 6 7 3 2 1 4 8
7 3 2 1 4 8 5 9 6
4 8 5 9 6 7 3 2 1
9 6 7 3 2 1 4 8 5
3 2 1 4 8 5 9 6 7
8 5 9 6 7 3 2 1 4
6 7 3 2 1 4 8 5 9
2 1 4 8 5 9 6 7 3

1 4 8 5 9 6 7 3 2
5 9 6 7 3 2 1 4 8
7 3 2 1 4 8 5 9 6
4 8 5 9 6 7 3 2 1
9 6 7 3 2 1 4 8 5
3 2 1 4 8 5 9 6 7
8 5 9 6 7 3 2 1 4
2 1 4 8 5 9 6 7 3
6 7 3 2 1 4 8 5 9

1 4 8 5 9 6 7 3 2
5 9 6 7 3 2 1 4 8
7 3 2 1 4 8 5 9 6
4 8 5 9 6 7 3 2 1
9 6 7 3 2 1 4 8 5
3 2 1 4 8 5 9 6 7
6 7 3 2 1 4 8 5 9
2 1 4 8 5 9 6 7 3
8 5 9 6 7 3 2 1 4

1 4 8 5 9 6 7 3 2
5 9 6 7 3 2 1 4 8
7 3 2 1 4 8 5 9 6
4 8 5 9 6 7 3 2 1
3 2 1 4 8 5 9 6 7
9 6 7 3 2 1 4 8 5
6 7 3 2 1 4 8 5 9
8 5 9 6 7 3 2 1 4
2 1 4 8 5 9 6 7 3

1 4 8 5 9 6 7 3 2
5 9 6 7 3 2 1 4 8
7 3 2 1 4 8 5 9 6
4 8 5 9 6 7 3 2 1
3 2 1 4 8 5 9 6 7
9 6 7 3 2 1 4 8 5
6 7 3 2 1 4 8 5 9
2 1 4 8 5 9 6 7 3
8 5 9 6 7 3 2 1 4

1 4 8 5 9 6 7 3 2
5 9 6 7 3 2 1 4 8
7 3 2 1 4 8 5 9 6
9 6 7 3 2 1 4 8 5
4 8 5 9 6 7 3 2 1
3 2 1 4 8 5 9 6 7
8 5 9 6 7 3 2 1 4
6 7 3 2 1 4 8 5 9
2 1 4 8 5 9 6 7 3

1 4 8 5 9 6 7 3 2
5 9 6 7 3 2 1 4 8
7 3 2 1 4 8 5 9 6
9 6 7 3 2 1 4 8 5
4 8 5 9 6 7 3 2 1
3 2 1 4 8 5 9 6 7
8 5 9 6 7 3 2 1 4
2 1 4 8 5 9 6 7 3
6 7 3 2 1 4 8 5 9

1 4 8 5 9 6 7 3 2
5 9 6 7 3 2 1 4 8
7 3 2 1 4 8 5 9 6
9 6 7 3 2 1 4 8 5
4 8 5 9 6 7 3 2 1
3 2 1 4 8 5 9 6 7
6 7 3 2 1 4 8 5 9
8 5 9 6 7 3 2 1 4
2 1 4 8 5 9 6 7 3

1 4 8 5 9 6 7 3 2
5 9 6 7 3 2 1 4 8
7 3 2 1 4 8 5 9 6
9 6 7 3 2 1 4 8 5
4 8 5 9 6 7 3 2 1
3 2 1 4 8 5 9 6 7
6 7 3 2 1 4 8 5 9
2 1 4 8 5 9 6 7 3
8 5 9 6 7 3 2 1 4

1 4 8 5 9 6 7 3 2
5 9 6 7 3 2 1 4 8
7 3 2 1 4 8 5 9 6
9 6 7 3 2 1 4 8 5
3 2 1 4 8 5 9 6 7
4 8 5 9 6 7 3 2 1
8 5 9 6 7 3 2 1 4
2 1 4 8 5 9 6 7 3
6 7 3 2 1 4 8 5 9

